250
951122
285530
490038
733716
320682
802310
577889
779212
595794
399975
528941
301012
167306
516622
532475
421224
785046
120405
887673
408498
838555
315765
177476
841683
879605
374655
583039
752664
767518
695241
492121
508895
265141
189904
520853
602834
308108
572817
893965
140148
765593
863790
586070
586555
550198
662701
368568
692445
648597
241107
328883
916609
54930
573390
644635
962319
705035
314499
287394
400275
47057
314646
426712
461071
717190
216684
568484
143861
995678
317239
610182
743808
43346
386056
905913
37415
172052
567031
262549
923144
366832
493389
208493
561861
966904
456897
640079
643988
798260
123446
17158
592906
187221
993667
599942
754476
342645
735954
106074
555986
448081
807188
29622
428399
285950
982245
170697
563184
177664
67529
895957
538651
536229
910625
942239
431869
720446
155027
9
562841
61618
91115
165621
197838
880595
294530
70364
953426
239964
826958
858405
28390
34995
101469
873265
837325
699595
950364
186716
150848
23353
862879
774110
106630
560644
590324
345120
17016
490749
408324
431943
914363
463508
48848
629673
635166
616516
560204
938435
723925
488697
317870
718071
419114
760788
451952
39113
432506
562618
249305
864564
33390
653381
293410
162641
679433
345971
153434
177797
743454
162644
212289
477467
868437
856214
77485
636745
256888
895243
870573
153006
621941
38669
181044
218689
467555
512357
477514
24279
966902
124065
258006
651184
189872
397243
12536
716534
501241
92189
410878
882487
765487
508554
139120
737543
706304
134378
139120
805517
502753
182873
868289
40694
336618
84955
125766
520731
910464
504875
948033
346187
642060
854818
726016
952843
861532
443229
518025
890763
547469
927620
25298
162381
341646
562147
254508
246997
854801
866981
679967
